source: 1804.10697
label: SuperCDMS
year: 2018
color: #e6194b
label_xpos: 0.5024893087295036
label_ypos: 8.046579144034632e-27
0.5024893087295036,8.046579144034632e-27
0.5119121713896859,5.6300736871995555e-27
0.5172232366612672,3.6330774211487315e-27
0.5234531423495089,2.3465624134332853e-27
0.5272069543755968,1.5345635564433876e-27
0.5341872724895637,1.0316749670262348e-27
0.5372838378942394,7.077584537797924e-28
0.5446166168577251,4.633411435900887e-28
0.5504417733936964,3.0531999446547437e-28
0.567953190394548,2.0369944213202504e-28
0.5847528692021352,1.3814685814425853e-28
0.5978980431746941,9.680328875491275e-29
0.6154099891543259,6.959081876033022e-29
0.6379976252946704,4.9741335493069096e-29
0.6684515637249464,3.4347078658269396e-29
0.6954056175077493,2.2522952245850758e-29
0.7274149270452702,1.5772027956668144e-29
0.7618406321667593,1.0950157124833936e-29
0.7987098459590203,7.609520288166585e-30
0.8405009676922959,5.2936861828044974e-30
0.88538137327939,3.641846962193909e-30
0.9326582672503021,2.5385441324868474e-30
0.9824596153954173,1.7711480002268405e-30
1.0330525655295064,1.2315419733224636e-30
1.0776520346293543,8.198370725363341e-31
1.1221482479534384,5.635625196152667e-31
1.168481708307695,3.8460603619938553e-31
1.2167282755551942,2.6533889905373145e-31
1.2669669418099927,1.8021096536831504e-31
1.319279960767666,1.2283772968203803e-31
1.3731423219894066,8.613962746065179e-32
1.4228633265528088,5.981447057572738e-32
1.4802963814656616,4.2516347352732086e-32
1.5338973971501886,2.9370034912631555e-32
1.5965219636859496,2.0464327966229122e-32
1.662442297513546,1.3882073890986084e-32
1.731084479527878,9.473890167649929e-33
1.802560894741603,6.473300459028457e-33
1.8769885685404657,4.428397643027742e-33
1.954489358284133,3.0221819317621327e-33
2.0414274181891403,2.078797863497905e-33
2.1592606609303457,1.5663146902966722e-33
2.285478547607609,1.2582156709386082e-33
2.364307133825293,9.508475982866099e-34
2.4924746764120984,8.159634795707025e-34
2.578442779298302,6.166326908491165e-34
2.718153011652361,5.237553941499736e-34
2.8283412208797762,3.927309698381315e-34
2.981520133285203,3.328047520378094e-34
3.1023099765878865,2.6793237995392903e-34
3.287270233379456,2.380070846207378e-34
3.508081177434062,2.0145712737817613e-34
3.7477071326245177,1.7025342362956439e-34
3.9670157385605194,1.4994890361626946e-34
4.230970927397378,1.3871452200019546e-34
4.5224811764855914,1.2394870810105553e-34
4.817238575582598,1.1154746035204755e-34
5.110996591483798,1.053464180173855e-34
5.457203221011381,9.545804504237291e-35
5.846060640105638,8.887435456496585e-35
6.2310034805337,8.507656931470004e-35
6.617501155601956,8.031722320420567e-35
7.051908518782817,7.80700369354242e-35
7.514832651775795,7.421650480566704e-35
8.008145544398394,7.147910841371816e-35
8.533842073663935,6.779473568954001e-35
9.094048070739435,6.46960149781663e-35
9.691028917460656,6.150262373394402e-35
10.327198707167419,6.131423112182782e-35
11.005130006903974,6.131423112182782e-35
11.727564260461262,6.131423112182782e-35
12.497422874329182,6.131423112182782e-35
13.317819031388813,6.131423112182782e-35
14.19207028011704,6.131423112182782e-35
15.123711950212419,6.131423112182782e-35
16.116511448892844,6.131423112182782e-35
17.174483495676846,6.131423112182782e-35
18.301906357255707,6.131423112182782e-35
19.476517103835512,6.161053643328559e-35
20.812262412979436,6.418764918026389e-35
22.147987042628923,6.655824025960155e-35
23.60189667176553,6.86844600238959e-35
25.17202500085161,7.235109500787132e-35
26.802307938046493,7.438746607081889e-35
28.561751517239813,7.759248683864982e-35
30.436694168957818,8.031722320420567e-35
32.44409291225501,8.534721419794755e-35
34.56390226080622,8.773911516464061e-35
36.8328574584411,9.017894590680238e-35
39.352983586856205,9.572370383029022e-35
41.77651695052697,9.939680416221426e-35
44.508789610011384,1.0344943462933338e-34
47.375780723245356,1.062803219610625e-34
50.87606927521232,1.1435754919611566e-34
53.9994600188469,1.1754692309175939e-34
57.56406832858393,1.2454769890444174e-34
61.33302642028888,1.3299439547059584e-34
65.31129248011005,1.369341839072218e-34
69.58047092981384,1.46324735978247e-34
74.05905088287338,1.5413435304385605e-34
79.0155653281088,1.6205107702364793e-34
84.15390465179557,1.7147491485364e-34
89.73005615926981,1.7931626994146839e-34
95.70334547686187,1.9086801513062578e-34
101.72089093548318,2.0043993269153915e-34
108.58501473896182,2.116620988629613e-34
115.71469509695146,2.2633180014682577e-34
123.37701340263256,2.3877325894027427e-34
131.29169862520328,2.5342118994290913e-34
140.1936991695292,2.706586923458097e-34
149.38646668561847,2.8539917821920443e-34
159.0659586070426,3.0407794383475935e-34
169.6678109260589,3.2556962822425828e-34
180.33223692610514,3.4003525496134137e-34
191.99307780311054,3.6118535826724203e-34
205.18865035558153,3.8640433161191555e-34
218.2794780947158,4.09911266059029e-34
232.38568891089676,4.3565996859783544e-34
248.16142021092685,4.599698541309263e-34
264.45203288513676,4.9050723404667505e-34
281.8973820105473,5.217707355339394e-34
300.2290157489686,5.544474391826827e-34
319.93761753311605,5.931605123173495e-34
340.214739407764,6.292454734291834e-34
362.691620759477,6.6527679595024854e-34
387.06482228943935,7.087038426962602e-34
412.4681038477112,7.55026325031387e-34
439.9138108969863,7.969142154678421e-34
468.7920527174398,8.470944158654647e-34
500.5076932487903,9.137063385366308e-34
532.0671643661817,9.651258486119648e-34
565.8489545276705,1.028167345007023e-33
604.7394240104653,1.099956868790572e-33
644.0653005016807,1.1688433780945057e-33
685.5208684899701,1.2490124963870158e-33
731.5916638194407,1.3135869996725852e-33
781.5621173817898,1.4219240161081405e-33
829.1391185472476,1.5004107411439504e-33
883.0575853701745,1.594376296896287e-33
942.9317372621148,1.6950064198550456e-33
1005.411669119527,1.8186492007005762e-33
1069.8162433735042,1.9368402706401337e-33
1139.5162139630743,2.040251781178154e-33
1215.2896667473572,2.196959824603195e-33
1295.8164032700508,2.323880337988686e-33
1376.6861334045836,2.4924563445043698e-33
1471.1238144049887,2.6426877773424994e-33
1569.422992357706,2.8136106693604658e-33
1670.6078344900473,2.9955884560452415e-33
1782.236356307,3.179102217977653e-33
1899.7544825051582,3.4120245245855966e-33
2021.068144019855,3.644693293300117e-33
2152.6156023547537,3.8490604586082586e-33
2296.451452259236,4.088441141550413e-33
2447.2025283212815,4.3841431738998916e-33
2607.849692938343,4.6752062609785175e-33
2779.042577086516,4.94118122408141e-33
2964.735717356768,5.308049561951519e-33
3158.4870035461927,5.6604507565716366e-33
3360.272723328093,6.002392761877176e-33
3583.8165965060653,6.354538866398036e-33
3819.0770492366382,6.803446581493582e-33
4070.9015488572627,7.290720559719945e-33
4336.9429387943055,7.68581916707707e-33
4621.642540956471,8.222464588243705e-33
4925.03131302821,8.803329363543105e-33
5248.336109804048,9.303136069919598e-33
5592.864323239543,9.929833241768887e-33
5960.009169331496,1.0582501990290656e-32
6351.255322056578,1.1286722610584786e-32
6768.184917151152,1.2010140194284005e-32
7212.483950010582,1.2789730444400864e-32
7685.949093580076,1.3651298827146237e-32
8190.494963807541,1.453741833074192e-32
8728.161862038738,1.5457328048746144e-32
9301.124025663643,1.648594766597514e-32
9741.309868847415,1.7183068986378656e-32
