source: 2101.07479
label: PandaX-II
year: 2021
color: #f58231
label_xpos: 5.480428188866334
label_ypos: 1.898000372625882e-32
5.480428188866334,1.898000372625882e-32
5.558108932627496,1.7904825483542807e-32
5.60162129416166,1.6466558342719015e-32
5.670224903926,1.5215849626518437e-32
5.7150330378392615,1.4040976381640892e-32
5.776425308891432,1.281736285333472e-32
5.842722958645604,1.1698867477733073e-32
5.906296972382044,1.0851840887595666e-32
5.964832920054374,9.91159977400813e-33
6.030639911326741,9.087113592138315e-33
6.094592075228625,8.434970378092646e-33
6.165172785533197,7.753902069283866e-33
6.225266740245196,7.108901740632472e-33
6.277372271857286,6.52538919815659e-33
6.407460904657421,6.024770641975493e-33
6.519120341290576,5.58426307311663e-33
6.62747129409141,5.1905035935346285e-33
6.7564782839822515,4.776785349578752e-33
6.875710994900602,4.414427695611932e-33
6.994421683025397,4.1062265592670935e-33
7.115181937731093,3.81098103361752e-33
7.2386345218605666,3.538988078525799e-33
7.35003014654997,3.287673084537841e-33
7.471146297586559,3.064907794001105e-33
7.616575836563972,2.8183660393203805e-33
7.750986833941362,2.61348121111101e-33
7.890138964850491,2.423061424725249e-33
8.043858605585594,2.284242315817374e-33
8.213568749833767,2.1777566258938162e-33
8.34099474107203,2.0385201440404563e-33
8.528341926605666,1.884644353624197e-33
8.76577454963056,1.7745874451532608e-33
8.875872723283022,1.680508507145108e-33
9.003393483148328,1.5773564509173685e-33
9.209227136816233,1.477333121317798e-33
9.464317652221862,1.387958551963474e-33
9.673609701354867,1.2917802848106111e-33
9.887253439362723,1.1648503346794489e-33
10.146890574980441,1.0809234810262472e-33
10.301218231678481,9.87254579414289e-34
10.597614457519482,8.736974923188762e-34
10.727113016670573,8.207632788385746e-34
10.943149189663202,7.744176732876883e-34
11.17858627096881,7.054324322493695e-34
11.82738571116016,5.682090289320879e-34
12.027298202360141,5.274153574949875e-34
12.266408016991091,4.861451282572202e-34
12.519197544351508,4.5258475439410995e-34
12.833824004168108,4.3366839416658e-34
13.048957877746513,3.891049446058384e-34
13.329372613245116,3.665557946874645e-34
13.673765294165127,3.415384116705845e-34
13.975987869738297,3.141795775416082e-34
14.29320341710064,2.917121864170257e-34
14.617618863634789,2.711099187828866e-34
14.923829327322448,2.5141904332925596e-34
15.256753475189461,2.3483872654527113e-34
15.576352556242846,2.176845243707492e-34
15.937914064917772,2.023328524560046e-34
16.354036920680592,1.8899579130934577e-34
16.817229645649064,1.7681902743465466e-34
17.31568961235671,1.640422809684582e-34
17.820355160726518,1.5656992132697468e-34
17.97484790773878,1.4735520297653596e-34
18.490027243028837,1.3963426234573287e-34
19.00318374090516,1.3331316843657815e-34
19.205125239373682,1.2528052625435496e-34
19.74400760822009,1.1883888681605625e-34
20.305478770124786,1.1337191299783453e-34
20.648201390768783,1.076686359821486e-34
21.19305504093657,1.0519369487510338e-34
21.612843952717355,9.99719158316507e-35
22.18288837409364,9.74385464717189e-35
22.622283758700906,9.267969256419482e-35
23.21895241941258,9.038814597736181e-35
23.678870007981455,8.588323855703785e-35
24.30369531414422,8.398442622038967e-35
24.71390116270819,7.981322908262718e-35
25.377599850194628,7.813259235966581e-35
26.00465885197959,7.536281169613954e-35
26.726019695703485,7.395342882835218e-35
27.44173981427319,7.15561205626208e-35
28.246422453816145,6.980780483265954e-35
29.103404514446975,6.756198073216677e-35
30.010839947137043,6.556492598818292e-35
30.92786554709968,6.378379097758665e-35
31.813860706539437,6.192205228834728e-35
32.78598027243403,6.096873333958265e-35
33.83121039821182,5.996032422784942e-35
34.909762877225845,5.888744483167787e-35
36.02270003938582,5.791345976290167e-35
37.171118082102694,5.69294458749832e-35
38.35614814999804,5.597927962597587e-35
39.50770507526247,5.522746414414532e-35
40.82235699220714,5.463381614911412e-35
42.0493593681029,5.442985406769523e-35
43.58290063442449,5.414558574064584e-35
44.815086267261385,5.364064817252584e-35
46.42722838049718,5.358650566833128e-35
47.779381910676264,5.295481515952426e-35
49.3682923821277,5.301534924507024e-35
50.87439445342813,5.247088315136531e-35
52.433923010144774,5.336149951083165e-35
54.29731555749314,5.303494861369072e-35
55.85699698626449,5.289650846690738e-35
57.73085345612602,5.293775977335278e-35
59.517690015137106,5.306837333133262e-35
61.415137707827576,5.318217502128563e-35
63.35585988593814,5.333584475391901e-35
65.39343575019062,5.37630802163883e-35
67.50571214998334,5.423244862067908e-35
69.62943663104869,5.465053774189627e-35
71.84925083830912,5.508710013543181e-35
74.13983360773474,5.561217699494286e-35
76.5034410693092,5.600498168391961e-35
78.88879543960446,5.654045540092548e-35
81.4038016982133,5.716012521791594e-35
84.05606563295721,5.794891595312757e-35
86.67690857420156,5.862629596926371e-35
89.4402029853562,5.942103021389678e-35
92.32921512841502,6.020723275666855e-35
95.27270732659643,6.101361704654924e-35
98.31003922988853,6.180107506033851e-35
101.42835463341916,6.266646459328948e-35
104.78143851672691,6.371941043245524e-35
108.01238021995286,6.483195949229495e-35
111.48933470824885,6.587233961780026e-35
115.07492218085305,6.692602720100214e-35
118.79196257706589,6.806199845056841e-35
122.49586037732882,6.915071160500168e-35
126.45260484225888,7.041468335110184e-35
130.43079400647852,7.181416962127832e-35
134.58897973378808,7.329058293167949e-35
138.87973008032358,7.477446355671119e-35
143.30727125901137,7.633509344751914e-35
147.87596421613088,7.790445153675117e-35
152.59030892666846,7.942096279711169e-35
157.45494882660753,8.107857052309709e-35
162.47467538652208,8.285947520235467e-35
167.65443283097906,8.469245555427291e-35
172.9993230083965,8.656598427995664e-35
178.51461041615374,8.85351288140698e-35
184.20572738590735,9.047981807248159e-35
190.07827943421208,9.24530754410691e-35
196.13805078372673,9.451274142135223e-35
202.39101006043504,9.681067010228927e-35
208.8433161724968,9.91037952750944e-35
215.50132437652064,1.0155995656258086e-34
222.37159253723033,1.0398148563695757e-34
229.46088758669123,1.0650963194335204e-34
236.77619218946322,1.0911594069830376e-34
244.32471162023532,1.1178602627045218e-34
252.11388086072793,1.1448640880996565e-34
260.1513719228438,1.1746751018190339e-34
268.44510140528365,1.2045249190488987e-34
277.00323829107293,1.2362677004388786e-34
285.8342119936734,1.2682646926976511e-34
294.94672065960884,1.3018863912916187e-34
304.3497397357837,1.336399401157456e-34
314.0525308099292,1.369939522070879e-34
324.06465073288535,1.4062566205190203e-34
334.3959610317106,1.4448623464333848e-34
345.0566376228764,1.4843007786767824e-34
356.0571808351305,1.5245824137719572e-34
367.40842575188873,1.5654780896093282e-34
379.1215528833459,1.6077167363196832e-34
391.3144096635043,1.6525633724925658e-34
403.6799693901806,1.6956437409204806e-34
416.54944779752435,1.7432605810404315e-34
429.8292103087019,1.7935862487792925e-34
443.5323369445607,1.8439534972692688e-34
457.6723247222292,1.895735152076297e-34
472.26310094912265,1.949269167118737e-34
487.3190369407725,2.0033951098765546e-34
502.8549621759798,2.0612305234376944e-34
518.8861789032442,2.1197623127347193e-34
535.4284772128481,2.1826262752731936e-34
552.498150589451,2.2456358596819395e-34
570.0345640057835,2.3128224782974706e-34
587.8679669674761,2.3830278243262026e-34
606.5866609869091,2.4543928998062015e-34
625.8696016883478,2.532711665823916e-34
645.3819653026469,2.614306846792525e-34
666.1786987683134,2.7123162813408777e-34
688.2343878410808,2.8051728914603057e-34
710.1755745858482,2.8879215698144465e-34
732.8162551139455,2.976752771466632e-34
756.1787295661368,3.064562816393189e-34
780.2860090205639,3.158827425364652e-34
805.1618381577192,3.254995326654328e-34
830.8307186479783,3.356144445988735e-34
857.3179332847365,3.4593779780803436e-34
884.6495708869278,3.5636051926536746e-34
912.8525519954369,3.6732201263783926e-34
941.9546553887287,3.786206767418007e-34
971.9845454438002,3.900280970256599e-34
1002.9718003694212,4.021482368632708e-34
1034.9469413394513,4.143913089715927e-34
1067.941462554946,4.27530122047321e-34
1101.9878622646459,4.40141662913012e-34
1137.1196747744252,4.540969243064182e-34
1173.3715034772013,4.679215314508251e-34
1210.7790549358583,4.821670173822645e-34
1249.379174052741,4.965421988125841e-34
1289.209880360378,5.125993474359546e-34
1330.3104054691566,5.285283941353254e-34
1372.7212317088442,5.449524366438491e-34
1416.4841320020298,5.622308593453182e-34
1461.6422110087312,5.795248341414532e-34
1508.2399475827187,5.9771647835521745e-34
1556.3232385813544,6.164791695711084e-34
1605.9394440721205,6.358308333089511e-34
1657.1374339803358,6.555893037154104e-34
1709.9676362240284,6.757549433394468e-34
1764.4820863833588,6.969673104041454e-34
1820.7344789535389,7.188455468360319e-34
1878.780220231699,7.414105546877887e-34
1942.172897098635,7.684949690805403e-34
