source: 1907.11485
label: XENON1T
year: 2019
color: #3cb44b
label_xpos: 0.019742557811554786e3
label_ypos: 1.63937312236423e-36
0.019742557811554786e3,1.63937312236423e-36
0.01981489759509581e3,1.3249328393704369e-36
0.02005021300054821e3,1.1583898523843243e-36
0.020642675304417258e3,9.301636814515491e-37
0.021059495824892215e3,7.41215165673278e-37
0.021488115027413057e3,6.165010554201108e-37
0.02200151753928089e3,5.309437020405032e-37
0.022527186466274295e3,4.52610891387655e-37
0.022932672025036824e3,3.20395843091365e-37
0.02343873701526781e3,2.692648199149971e-37
0.022956750138565643e3,3.9549571594317895e-37
0.024075582296616636e3,2.285485524945399e-37
0.024525761159236516e3,1.9010338588232588e-37
0.02499343500945633e3,1.6097725943586178e-37
0.025449988537213766e3,1.3786702429066033e-37
0.026012969078563177e3,1.1724969518644603e-37
0.026554942259554338e3,1.0406194103500867e-37
0.026726876572867115e3,8.669835395394507e-38
0.02723223583263476e3,7.379464205731078e-38
0.02786094261436392e3,6.186247260586699e-38
0.028516246743854577e3,5.100093848012371e-38
0.029047700999958615e3,4.2925521115589244e-38
0.02960160226640589e3,3.638740927016868e-38
0.030166065697926812e3,3.0931941390361486e-38
0.030741292701049614e3,2.681677866052586e-38
0.031341580968305596e3,2.326403293344674e-38
0.03210123249154168e3,2.005660464710214e-38
0.03286820778808052e3,1.7166882598142266e-38
0.03365350796063949e3,1.471334073157049e-38
0.03445757083437759e3,1.261046635844773e-38
0.03528084469514504e3,1.0788719298187581e-38
0.03612378853941424e3,9.238451737541907e-39
0.03698687233018221e3,7.896731750736599e-39
0.03787057725898708e3,6.765064839710476e-39
0.03877539601418478e3,5.7903656134991746e-39
0.03970183305563565e3,4.947193534958338e-39
0.04065040489595378e3,4.2401259360125715e-39
0.04162164038847616e3,3.6308479012455e-39
0.042616081022112166e3,3.1133158967704235e-39
0.04363428122323747e3,2.667152003256114e-39
0.04467680866480127e3,2.2828732039603907e-39
0.045744244582818554e3,1.9504494723844404e-39
0.04683718410042421e3,1.6724372690298986e-39
0.04795623655966958e3,1.4340522317764906e-39
0.04910202586124643e3,1.2274363849549906e-39
0.05049613063276637e3,1.0657124699252986e-39
0.0527062795695195e3,9.357268434837532e-40
0.055254925166374196e3,8.04518222727838e-40
0.05792681213847714e3,6.928751296573096e-40
0.06066755630177334e3,5.985917461876173e-40
0.06342752915971225e3,5.154976461604445e-40
0.06642853377086207e3,4.455961150236814e-40
0.06971907255467424e3,3.831018458452067e-40
0.0730849041265814e3,3.4524029354781533e-40
0.07609812515944533e3,3.1178743002547375e-40
0.07956887583976593e3,2.8970987270812902e-40
0.08284942485473709e3,2.6134381524158717e-40
0.08662809479011672e3,2.42838152392841e-40
0.09019968868324696e3,2.1938997372921166e-40
0.09431359596028095e3,2.03778676861377e-40
0.09801544977735173e3,1.8580861622064554e-40
0.10305877133864419e3,1.7932375557090691e-40
0.10855365672841778e3,1.6938427992218321e-40
0.11434151830114565e3,1.5999572501375172e-40
0.12043797695475188e3,1.509423407451751e-40
0.1268594864618655e3,1.4275092522559631e-40
0.13362337787701678e3,1.3492129333773669e-40
0.14074790631153444e3,1.2854162770835206e-40
0.1482523002023868e3,1.2612143027522331e-40
0.15615681320793792e3,1.2427906888963891e-40
0.16448277887067966e3,1.2261388950033835e-40
0.17325266819447138e3,1.2082276570116499e-40
0.1824901502916806e3,1.1898482851485784e-40
0.19222015626390718e3,1.1724671744961075e-40
0.20246894648869898e3,1.158177025422621e-40
0.21326418149385792e3,1.168161714591069e-40
0.22463499661062247e3,1.168161714591069e-40
0.2366120806072053e3,1.1789551360770291e-40
0.2492277585149133e3,1.1840261392368925e-40
0.2625160788703891e3,1.1862060979100663e-40
0.27651290560943126e3,1.1986352271959857e-40
0.2912560148604085e3,1.2001060134785865e-40
0.3067851968985029e3,1.2193912743346898e-40
0.3231423635359465e3,1.247371206657384e-40
0.34037166123808965e3,1.276775775656918e-40
0.3585195902705878e3,1.308477105485377e-40
0.37763513019927664e3,1.3401435941419185e-40
0.39776987208144754e3,1.3708942874230737e-40
0.4189781577052924e3,1.4040713359323763e-40
0.44131722625331604e3,1.43893331355734e-40
0.46484736878554583e3,1.4728536202618755e-40
0.48963209095947113e3,1.5066494538745748e-40
0.5157382844258847e3,1.553554831576104e-40
0.5432364073632001e3,1.608810769788906e-40
0.5722006746374971e3,1.6639902187152093e-40
0.6027092581015154e3,1.7242309457148617e-40
0.6348444975731844e3,1.7822759723072558e-40
0.6686931230631046e3,1.8467989479102615e-40
0.7043464888507458e3,1.91365782123354e-40
0.7419008200411181e3,1.990245612016714e-40
0.7814574722673454e3,2.067361816531604e-40
0.8231232052400531e3,2.1527393818286737e-40
0.8670104708818587e3,2.240268815236016e-40
0.9132377168246122e3,2.3299281249702364e-40
0.9619297060884905e3,2.423175750431277e-40
1.0132178538057433e3,2.5247952624321217e-40
1.0672405818978574e3,2.640372149027339e-40
1.1241436926634039e3,2.7612397682668244e-40
1.1840807622848235e3,2.8876403126228992e-40
1.247213555316204e3,3.017976024096706e-40
1.3137124612707016e3,3.156129116299558e-40
1.3837569544859345e3,3.3006064061543524e-40
1.4575360785084561e3,3.453814449533078e-40
1.5352489563046312e3,3.6074922262206328e-40
1.617105327674937e3,3.777260656406022e-40
1.7033261153220947e3,3.9501713208950355e-40
1.7941440211008104e3,4.128465129615564e-40
1.8898041540583608e3,4.317452788614127e-40
1.9905646919610198e3,4.520631932562121e-40
2.0966975780917356e3,4.7391807669577655e-40
2.208489255199668e3,4.97744262127579e-40
2.326241438582415e3,5.230889400250143e-40
2.4502719303874305e3,5.48713886052801e-40
2.5809154773303353e3,5.7559414032490965e-40
2.718524674145058e3,6.0490286208462276e-40
2.863470915204092e3,6.353142949228413e-40
3.0161453968772167e3,6.668456582907617e-40
3.1769601733339874e3,6.995129213411859e-40
3.346349268639454e3,7.360335165681305e-40
3.5247698481445733e3,7.720901365681606e-40
3.712703452332823e3,8.09913088965509e-40
3.910657296452991e3,8.511531150725026e-40
4.119165639445757e3,8.933968019650487e-40
4.338791225858707e3,9.388877415966276e-40
4.570126804641312e3,9.854857967301967e-40
4.813796728918973e3,1.0343965657762285e-39
5.070458641063838e3,1.086400752993643e-39
5.340805247610132e3,1.1431202229903807e-39
5.625566188804424e3,1.2020636670290088e-39
5.925510007836494e3,1.2632716382125348e-39
6.241446225065671e3,1.3284105270319246e-39
6.574227522840677e3,1.3977649902202928e-39
6.924752046809642e3,1.4698388463407824e-39
7.293965829931381e3,1.547525658482217e-39
7.682865345729993e3,1.62532736116582e-39
8.092500197683828e3,1.7112323579547716e-39
8.52397595200731e3,1.800573415678643e-39
8.978457121470896e3,1.8910970698608788e-39
9.457170308312273e3,1.9922702343876987e-39
